0000000000000000
0111010110100101
0001000100001001
1111111110000000
0100011000000011
0011010001100000
0111111110000000
0010001111001011
1111111110000000
0011100010001111
1100111001100000
1101111111110101
1000000000000000
1001100001100100
0110011110001111
1001001010100100
1000010100010101
0110001101101011
0000000000000000
1110011000100010
0100011100001000
1110111010000001
1101000001110011
1000100110110011
0000000000000000
1101110000000100
1000000000000000
0100010010001000
1010101010001001
0000101000001110
0010110110010010
0000000000000000
1101000101111001
0000101011000001
0101111101101110
0000000000000000
1011110001011111
0101001000001110
1001100100000000
0111001000110100
0000111001111001
1011101110101100
1100001010100010
0000000000000000
0101110110000101
1010010110111110
0111111110000000
1110110100101010
0000001011111011
0010011000100001
1111111100000010
0101011100110101
0010111110101101
1000000000000000
1011011010111010
0100000101110001
0101101101001111
1111010010110111
0000000000000000
1010000100100000
1101001101011010
1000111101001011
0010100100101110
0001100110111100
1101000101000101
0111111110000000
0111111100111101
0111100011100001
0001011100100100
0001001011000101
1100111101100000
1111111110000000
1000000000000000
0111010101001011
0010011110001110
0010011111100011
0000000000000000
0100111001011010
0000000000000000
1110000100100010
0010100001011010
1011111111001000
1010110110000101
0110000010100001
0111100010111000
1010111111011110
0011011010001110
0000000000000000
1001011011101110
0000000000000000
0010111010100010
1110000110110010
0000000000000000
0111101010110010
0100001001110110
0100001100100111
1010100100001100
1101111001110110
1110100001010110
1011111000010110
0101110111101111
1110000111110000
0110000000010110
1001010110001111
0010010101011001
0111000011000001
0010000011001111
1000100100100111
1100101101000000
1000101010010010
1111111110000000
0100101110010001
1110101000100000
0101001111111010
1111111110000000
0111111110000000
0000000000000000
1000011011110101
0000000000000000
1000110110100010
1111111110000000
0111111110000000
0110101110101001
0010011011101100
0111111110000000
1011100000001001
1101000110011010
1111111110000000
