1100010001001000
1100010001000001
1100001100100110
0100010001001101
0100010000101001
0100010001110010
1100010001000000
1100001010010100
1100001100111010
1100001101100010
0100000110010000
1100010000101111
1100001010011000
0100001010100000
1100010000101100
1100001010101000
1100010001100010
0100010000110111
1100010000111110
0100010000111001
0100000101000000
1100000100000000
0100010000101001
1100001001011000
0100000100100000
0100010000110011
1100001000010000
1100001100111110
0100001010001000
0100010001000111
1100010000000111
0100010001000011
1100001100000010
1100010000110000
1100010000111111
1100001011100100
1100010000110110
0100000100100000
1100010000011011
1100010001100110
1100000110010000
1100001110000000
1100001000110000
0100001100001110
1100001010010000
0100001011100100
0100010001010101
0100010001010001
0100010000011011
0100010000011011
1100010001001011
0100010001000101
0100001010101100
0100001110000000
0100001010000100
1100001101001010
0100000110010000
0100001011110000
0100001100000010
0100010000101100
0100001001011000
1100000111010000
1100001100010100
1100010000111010
0100010000110011
1100010000101110
0100010001100011
1100001100011100
0100001010010100
0100010000110111
0100001010001100
0100010000100111
0100001100011010
0100010000111110
0100001011111000
1100001000001000
1100010000001011
0100001100100000
1100000011000000
1100001010110000
0100010001000010
0100001011010100
1100010000100010
1100001010100100
0100010001010011
1100000010000000
0100001100001010
0100010001000100
1100010000111011
0100001000000000
0100010001101010
1100001100000110
0100000101100000
1100001011001000
1100001001110000
1100000110110000
0100010001100010
1100000100100000
1100010000111001
1100001001100000
1100010000010111
0100010000101101
0100001101001100
1100010001001001
1100010000110110
0100001100101000
0100001010001100
0100010000100011
0100010000111011
0100001011100000
1100000100100000
0100001011010100
1100010000101110
1100001100000100
1100010000011110
1100001011111100
0100001010110000
1100001010000000
1100010001000100
1100001000100000
1100010001010001
1100001010001100
1100010000100000
0100001001110000
0100001001110000
0100000110110000
1100001010010100
0100000111100000
