1100000000000101
1100000011010010
1100000011000011
0100000100111111
0100000110011011
0100000110010111
1100000101011111
0100000011011011
1100000110001011
1100000001011101
0100000010010001
1100000110011001
1100000110010010
1100000100111001
1100000110001011
1011111001011101
0100000010011011
0100000110010111
1100000000000001
1100000110011101
1100000011101100
0100000101010001
0100000011010000
1100000101010011
1011111111100100
1100000100101110
1100000101001100
1100000010001101
0100000010111001
1100000011110010
0100000110011001
1100000100000001
1100000011010110
1100000010111110
0100000110001101
1100000110001011
1100000101100110
0100000110010010
0100000100101001
1100000001000010
0100000101110000
1100000110001011
1100000010101111
0100000110010110
1100000010010000
1100000100001100
1100000010100011
1100000101011010
1100000110011010
0100000101111110
0100000101100100
1100000100000001
0100000010111000
1100000011011001
1100000000011001
1100000110000111
1100000101101001
0100000011010100
1100000101111111
1100000100001101
1100000010001100
0100000001011101
1011111000111011
1100000001011001
1100000011100111
0100000000111110
1100000010100001
0100000110011101
1100000110000100
0100000001111111
0100000000100100
1011111100010111
1100000110010011
1100000100111101
1100000110011000
1011111100011010
1011111110001111
0100000110000011
1100000010000111
1100000110010111
1100000011101111
0100000110001011
1100000000111100
1100000110000100
1100000110010011
0100000100100000
0100000100010101
1100000110000110
0011111010001111
1100000100110110
1100000100110111
0100000010101100
1100000100000011
1100000100000111
0100000010111000
1100000000110100
1100000110000000
0100000010110110
1100000101110001
0100000010010010
0100000010000110
1011111101001100
1100000011000001
0100000000101111
1100000101100010
0100000101110101
0100000001110101
0100000001100111
0011111001101111
0100000110001110
0100000100010100
1100000110011001
0100000011110101
1100000001011000
0100000000001011
0100000101000000
0100000100011101
1100000110011101
1100000000110101
0100000100111101
0100000100000001
0100000101001111
0100000101100110
0100000100000000
1100000011011011
1100000110000011
1011110101000111
1100000011001101
