1100000100011010
1100000011001010
0100000010110011
0100000110010011
0011111111110000
0011111101010111
1100000011000110
0100000101100001
0100000110010100
0100000101001001
1100000100000100
1011111111001101
0100000011110010
0100000101100010
1100000000111111
0100000110000001
0100000100000110
0100000010000110
1100000110000011
0100000100111110
0011111010011110
1100000110000010
0100000110000100
1011111111111100
1100000001000001
0100000101100001
0100000110010100
0100000100100101
0011111100110011
1011111010011000
0100000101101111
0100000100100100
1100000100111101
1100000000101110
0100000101001010
1100000011000101
1100000100010001
0100000110000111
0011111100111011
0011111111001001
1100000101010011
1100000101111111
1100000101000000
1011111110110011
0100000010010110
0100000101101101
1100000100010101
1100000110000010
1100000110011000
0100000110001010
0100000000000001
0100000101110011
1100000011111001
0100000100101110
1100000101100011
1100000011110111
0100000100011011
1100000110000101
0011111110101010
0100000101010101
1100000110011000
0100000101100101
1100000000011111
0100000011101101
0100000011111100
0011110100011010
0100000011001100
0011111111000111
0011111000110110
1100000110000110
1100000011101011
0100000010110100
0100000100111001
1100000110011101
0100000100110011
0100000101111111
0100000101111011
0100000101011001
0100000110011010
1100000101110010
1100000110000011
0100000010010111
1100000101111011
0100000011111001
1100000100101010
0100000101101010
1011110111111110
1100000110010100
0100000011010101
1100000011101000
0011111111001100
1100000100011111
0100000110001100
1100000000110010
1100000100010000
0100000001110001
1100000010011001
1100000110001100
0100000110000110
1100000001010011
0100000100010100
1100000100111011
0100000110010110
1100000100000001
1100000011010111
1100000110001101
0100000101111101
1100000000100100
1100000010001101
1100000100110000
0011110110101100
0100000110001011
0100000100010000
1100000101100110
0100000101010010
0011111111111110
0100000011100100
1100000101010110
0100000110010111
1100000000110110
0100000100011110
1100000100101110
1100000110011111
1100000011110000
0100000010110010
1100000110011011
1011111001001000
1100000100001101
