0011111001111011
0011111010010110
0011110111111011
0011110001011101
0011110101010010
0011111000101100
0011111011101101
0011111100111111
0011101001011000
0011111010111100
0011110011110001
0011111100001000
0011110110011100
0011110110101110
0011111100000101
0011110111000101
0011111101110011
0011111100100001
0011111010001001
0011111000111011
0011111010101101
0011110110101000
0011110010011110
0011110011001010
0011110100111110
0011111000011111
0011110011000110
0011110111100110
0011110110110011
0011111001110110
0011110110010010
0011111011100110
0011111000000000
0011111100010010
0011110111001000
0011111010001101
0011101001110101
0011110101010001
0011111000100011
0011111010011101
0011111101000101
0011110011000000
0011111010001100
0011110100110100
0011110010010111
0011111100110000
0011110100110001
0011110111101101
0011110101011001
0011110111101011
0011111010000000
0011111100101110
0011111001000101
0011111010111001
0011110111111010
0011111000111011
0011110110110000
0011101111000000
0011111010010011
0011110111110101
0011110110110010
0011111011110001
0011110000011111
0011111010101111
0011110101000010
0011110111000001
0011111001001111
0011111001000101
0011111001011000
0011110010011110
0011110010110011
0011110100110100
0011111000110001
0011111000001111
0011111000101101
0011111011000111
0011111000010111
0011110100100110
0011111101010111
0011111100000010
0011111100100100
0011111000011010
0011110110111110
0011111010101010
0011110110100100
0011111011111011
0011111011100110
0011110000100110
0011110111011000
0011110100110111
0011110101111111
0011101011010000
0011111011011011
0011111010000100
0011111001000101
0011110110111000
0011111001011100
0011111010011001
0011111001100100
0011111011000011
0011111100001011
0011111101100111
0011110111001100
0011111100001101
0011111001101010
0011111010001100
0011111011001001
0011111101010101
0011110100110000
0011111001101110
0011111100110111
0011110101010001
0011111100101010
0011111001011000
0011111010000100
0011110111001110
0011111011110111
0011111001001010
0011111001010100
0011111100100110
0011111001111000
0011111001010001
0011111010100101
0011111010111011
0011111100010110
0011111101001100
0011110110100110
0011111011111011
