1100000100111011
1100000101001110
1011111100000000
0100000111110010
0100000110101010
0100000110011110
1100000110100001
0100000110100111
0011111110010000
0100000100010010
1100000001101110
1100000110100110
1100000100101011
0100000000100100
1100000110100011
0100000101111111
0100000101010100
0100000110111000
1100000110010011
1100000011111000
1100000011100010
1100000001001100
0100000110111000
1100000101110010
1100000010011010
0100000001001100
0100000010111000
0100000010111101
0100000011001111
1100000011111100
0100001000001000
0100000000001100
1100000110010100
1100000100001010
0100000111110010
1100000110111100
1100000110111100
0100001000001100
0100000100110101
1011111110111011
0011111111101000
1100001000000101
1100000110001100
0100000110001011
0011111001000000
0100000011000010
1100000101100110
1100000111101111
1100001000011001
0100001000000100
0100000110000010
0100000011100100
1100000000000010
0100000010000011
1100000110000101
1100000111000101
1100000010011100
1100000100100000
1100000101101010
0100000010010000
1100000110111011
0100000110001110
1100000000101011
0100000010000000
0011111100101000
0100000001000000
0011111110101100
0100000110101001
1100000110000011
1100000101001100
1100000010011001
0100000010100001
1100000011011010
1100000111111100
1100000011111010
0100000101110101
0100000101101001
0100000111110000
0100000101110000
1100001000001000
1100000110111111
0100000110110001
1100000110010101
1100000100001100
1100000111101000
0100000111000101
0100000100010011
1100001000001101
0100000011011110
1100000110010101
1100000100011110
1100000010010010
0100000100010101
1100000100110100
1100000001010000
0011111101110100
1100000110100110
1100000100111101
0011111111011000
0011111110100010
0100000101010111
1100000101001000
0100000101001100
1100000010101010
1100000110100111
1100000000010100
0100000110011101
0011111110000110
1100000010000110
0100000011011000
0100000100010101
1011111111100000
0100000110000101
1100000110001110
0100000101110101
0100000101100000
0100000110001000
1100001000000100
0100000110000000
0100000100010000
0100000110010000
0100000000000100
1100000010110000
0011111100000000
1011111110100100
1100001000001111
1011111001111010
1100000101110100
