0100000110100000
0100001000100110
1100001000001000
0100001101011011
0100001000010001
0100000101111110
0100001010101100
0100001011000000
1100001110100001
1100001000101110
1100001000010110
0100000111110101
1100001100001010
1100001100100011
0100001001001111
1100000001011111
0100001000100010
0100001010011110
0100001000000100
1100001101101001
1100000000010010
1100001101010100
0100001011010110
0100000111010000
0100000010101100
1100001100011001
1100001101101100
1100001000110110
0100000010000001
0100000000010000
0100001110001111
1100001010100101
0100001010011110
0100000110000001
0100001101011111
0100001011010110
0100001100000010
0100001110011010
0100000011110111
1100000010011000
1100001101000110
0100001110001010
0100001010000011
1100000111010010
1100000110101001
1100001100000010
0100001000111110
0100001101011101
0100001110110111
0100001110001001
0100000111100110
1100001011110101
1100001000110011
1100001010010011
0100001000001000
0100001100000010
1100001100001101
1100001011011100
1100000110101001
1100001011101011
0100001010100110
0100001001000110
0011111011101000
1100000111001001
1100001001100011
0011110111100101
1100001000000000
0100000111110100
1100000000111100
1100001010000101
1100000110010111
1100000001010100
1100001101010100
0100001101101000
1100001101010101
1100000100011001
1100000110001100
0100001101011110
1100001010100010
0100001110001111
0100001011110101
0100001010100100
0100001000111000
1100001100000000
0100001101000011
0100001100010010
1011111110010100
0100001110011011
0011111111101110
0100001010100101
1100000110010010
1100001001010110
1100001100001111
0100000110111100
1100001001001111
1100000100101001
0100001010011001
1100001011000111
1100001101111100
1100000101110001
0100001000011011
0100000100010101
1100001011100010
1100000110110000
0100001010111110
1100001110000111
0100001001110010
1100000100010100
1011111110000100
1100001101000011
0011111101000111
1100001110100110
0100001010001010
0100001001000010
0100000111100100
0100000110111110
0100001010001100
0100001110000011
1100001001010110
1100001000000110
0100001010011111
1100001100001101
1100001110001111
1100001001110000
1100001000011000
0100001110011111
0011110000011011
0100001001100010
