1100000100111011
1100000101001110
1011111100000000
0100000111110010
0100000110101010
0100000110011101
1100000110100001
0100000110100111
0011111110010000
0100000100010010
1100000001110000
1100000110100101
1100000100101100
0100000000100100
1100000110100010
0100000110000000
0100000101010011
0100000110111000
1100000110010011
1100000011111000
1100000011100011
1100000001010000
0100000110111000
1100000101110010
1100000010011001
0100000001001100
0100000010111000
0100000010111110
0100000011001111
1100000011111011
0100001000001000
0100000000001100
1100000110010100
1100000100001010
0100000111110010
1100000110111100
1100000110111011
0100001000001100
0100000100110100
1011111110111100
0011111111101000
1100001000000101
1100000110001011
0100000110001011
0011111001000000
0100000011000010
1100000101100110
1100000111101111
1100001000011001
0100001000000100
0100000110000010
0100000011100100
1100000000000010
0100000010000100
1100000110000100
1100000111000100
1100000010011100
1100000100100000
1100000101101010
0100000010010000
1100000110111011
0100000110001110
1100000000101010
0100000010000001
0011111100101000
0100000001000000
0011111110101100
0100000110101001
1100000110000011
1100000101001110
1100000010011001
0100000010100010
1100000011011100
1100000111111011
1100000011111100
0100000101110110
0100000101101010
0100000111101111
0100000101110010
1100001000001000
1100000110111110
0100000110110000
1100000110010101
1100000100001100
1100000111101000
0100000111000101
0100000100010100
1100001000001101
0100000011011101
1100000110010101
1100000100011110
1100000010010010
0100000100010110
1100000100110011
1100000001010000
0011111101110100
1100000110100110
1100000100111110
0011111111100000
0011111110100100
0100000101010111
1100000101000111
0100000101001100
1100000010101100
1100000110100110
1100000000011000
0100000110011101
0011111110000110
1100000010000110
0100000011011000
0100000100010101
1011111111100000
0100000110000101
1100000110001110
0100000101110100
0100000101011111
0100000110000111
1100001000000100
0100000110000001
0100000100010000
0100000110001111
0100000000000100
1100000010110000
0011111100000000
1011111110100100
1100001000001111
1011111001111001
1100000101110011
