0100000110100000
0100001000100101
1100001000001000
0100001101011011
0100001000010001
0100000101111101
0100001010101100
0100001011000000
1100001110100000
1100001000101101
1100001000010101
0100000111110101
1100001100001010
1100001100100011
0100001001001111
1100000001011110
0100001000100010
0100001010011110
0100001000000100
1100001101101001
1100000000010001
1100001101010100
0100001011010110
0100000111001111
0100000010101011
1100001100011000
1100001101101011
1100001000110101
0100000010000001
0100000000001111
0100001110001110
1100001010100101
0100001010011101
0100000110000001
0100001101011110
0100001011010101
0100001100000010
0100001110011001
0100000011110110
1100000010011000
1100001101000101
0100001110001010
0100001010000011
1100000111010001
1100000110101000
1100001100000001
0100001000111101
0100001101011101
0100001110110110
0100001110001000
0100000111100101
1100001011110100
1100001000110010
1100001010010011
0100001000000111
0100001100000010
1100001100001101
1100001011011100
1100000110101001
1100001011101010
0100001010100110
0100001001000101
0011111011101000
1100000111001000
1100001001100011
0011110111100100
1100001000000000
0100000111110100
1100000000111011
1100001010000101
1100000110010110
1100000001010100
1100001101010100
0100001101100111
1100001101010100
1100000100011001
1100000110001100
0100001101011110
1100001010100010
0100001110001110
0100001011110100
0100001010100011
0100001000111000
1100001100000000
0100001101000011
0100001100010010
1011111110010011
0100001110011010
0011111111101101
0100001010100100
1100000110010001
1100001001010101
1100001100001111
0100000110111011
1100001001001111
1100000100101001
0100001010011001
1100001011000111
1100001101111100
1100000101110000
0100001000011010
0100000100010101
1100001011100010
1100000110110000
0100001010111101
1100001110000110
0100001001110010
1100000100010011
1011111110000011
1100001101000011
0011111101000110
1100001110100110
0100001010001001
0100001001000010
0100000111100100
0100000110111110
0100001010001011
0100001110000011
1100001001010101
1100001000000110
0100001010011111
1100001100001100
1100001110001110
1100001001110000
1100001000011000
0100001110011110
0011110000011011
0100001001100001
